best_cutoff=35
mae=0.4854134387388281
rmse=1.538243503188999
r2=0.8807479371884576
